kmer	threshold	tp	fp	tn	fn
AAGAA	0.5	4358	183	615479	2080
AAGAA	0.6	4225	113	615549	2213
AAGAA	0.7	3993	52	615610	2445
AAGAA	0.8	3698	40	615622	2740
AAGAA	0.9	3465	6	615656	2973
AAGAA	0.95	3071	3	615659	3367
AAGAA	0.99	2076	0	615662	4362
AAGAC	0.5	0	7	262123	0
AAGAC	0.6	0	7	262123	0
AAGAC	0.7	0	4	262126	0
AAGAC	0.8	0	4	262126	0
AAGAC	0.9	0	4	262126	0
AAGAC	0.95	0	0	262130	0
AAGAC	0.99	0	0	262130	0
AAGAG	0.5	0	0	363106	0
AAGAG	0.6	0	0	363106	0
AAGAG	0.7	0	0	363106	0
AAGAG	0.8	0	0	363106	0
AAGAG	0.9	0	0	363106	0
AAGAG	0.95	0	0	363106	0
AAGAG	0.99	0	0	363106	0
AAGAT	0.5	0	0	356809	0
AAGAT	0.6	0	0	356809	0
AAGAT	0.7	0	0	356809	0
AAGAT	0.8	0	0	356809	0
AAGAT	0.9	0	0	356809	0
AAGAT	0.95	0	0	356809	0
AAGAT	0.99	0	0	356809	0
AAGCA	0.5	0	0	352003	0
AAGCA	0.6	0	0	352003	0
AAGCA	0.7	0	0	352003	0
AAGCA	0.8	0	0	352003	0
AAGCA	0.9	0	0	352003	0
AAGCA	0.95	0	0	352003	0
AAGCA	0.99	0	0	352003	0
AAGCC	0.5	0	0	197198	0
AAGCC	0.6	0	0	197198	0
AAGCC	0.7	0	0	197198	0
AAGCC	0.8	0	0	197198	0
AAGCC	0.9	0	0	197198	0
AAGCC	0.95	0	0	197198	0
AAGCC	0.99	0	0	197198	0
AAGCG	0.5	0	0	42946	0
AAGCG	0.6	0	0	42946	0
AAGCG	0.7	0	0	42946	0
AAGCG	0.8	0	0	42946	0
AAGCG	0.9	0	0	42946	0
AAGCG	0.95	0	0	42946	0
AAGCG	0.99	0	0	42946	0
AAGCT	0.5	9263	31	252550	4914
AAGCT	0.6	8919	18	252563	5258
AAGCT	0.7	8373	8	252573	5804
AAGCT	0.8	8094	6	252575	6083
AAGCT	0.9	7471	5	252576	6706
AAGCT	0.95	6904	5	252576	7273
AAGCT	0.99	5627	0	252581	8550
AAGGA	0.5	0	0	405152	0
AAGGA	0.6	0	0	405152	0
AAGGA	0.7	0	0	405152	0
AAGGA	0.8	0	0	405152	0
AAGGA	0.9	0	0	405152	0
AAGGA	0.95	0	0	405152	0
AAGGA	0.99	0	0	405152	0
AAGGC	0.5	0	0	212290	0
AAGGC	0.6	0	0	212290	0
AAGGC	0.7	0	0	212290	0
AAGGC	0.8	0	0	212290	0
AAGGC	0.9	0	0	212290	0
AAGGC	0.95	0	0	212290	0
AAGGC	0.99	0	0	212290	0
AAGGG	0.5	0	0	213456	0
AAGGG	0.6	0	0	213456	0
AAGGG	0.7	0	0	213456	0
AAGGG	0.8	0	0	213456	0
AAGGG	0.9	0	0	213456	0
AAGGG	0.95	0	0	213456	0
AAGGG	0.99	0	0	213456	0
AAGGT	0.5	0	0	237292	0
AAGGT	0.6	0	0	237292	0
AAGGT	0.7	0	0	237292	0
AAGGT	0.8	0	0	237292	0
AAGGT	0.9	0	0	237292	0
AAGGT	0.95	0	0	237292	0
AAGGT	0.99	0	0	237292	0
AAGTA	0.5	0	0	299219	0
AAGTA	0.6	0	0	299219	0
AAGTA	0.7	0	0	299219	0
AAGTA	0.8	0	0	299219	0
AAGTA	0.9	0	0	299219	0
AAGTA	0.95	0	0	299219	0
AAGTA	0.99	0	0	299219	0
AAGTC	0.5	0	0	213550	0
AAGTC	0.6	0	0	213550	0
AAGTC	0.7	0	0	213550	0
AAGTC	0.8	0	0	213550	0
AAGTC	0.9	0	0	213550	0
AAGTC	0.95	0	0	213550	0
AAGTC	0.99	0	0	213550	0
AAGTG	0.5	0	0	314984	0
AAGTG	0.6	0	0	314984	0
AAGTG	0.7	0	0	314984	0
AAGTG	0.8	0	0	314984	0
AAGTG	0.9	0	0	314984	0
AAGTG	0.95	0	0	314984	0
AAGTG	0.99	0	0	314984	0
AAGTT	0.5	0	0	321972	0
AAGTT	0.6	0	0	321972	0
AAGTT	0.7	0	0	321972	0
AAGTT	0.8	0	0	321972	0
AAGTT	0.9	0	0	321972	0
AAGTT	0.95	0	0	321972	0
AAGTT	0.99	0	0	321972	0
ACGAA	0.5	0	0	38285	0
ACGAA	0.6	0	0	38285	0
ACGAA	0.7	0	0	38285	0
ACGAA	0.8	0	0	38285	0
ACGAA	0.9	0	0	38285	0
ACGAA	0.95	0	0	38285	0
ACGAA	0.99	0	0	38285	0
ACGAC	0.5	4086	118	18895	4599
ACGAC	0.6	3698	79	18934	4987
ACGAC	0.7	3404	28	18985	5281
ACGAC	0.8	3037	21	18992	5648
ACGAC	0.9	2743	4	19009	5942
ACGAC	0.95	2580	1	19012	6105
ACGAC	0.99	2076	0	19013	6609
ACGAG	0.5	0	0	28831	0
ACGAG	0.6	0	0	28831	0
ACGAG	0.7	0	0	28831	0
ACGAG	0.8	0	0	28831	0
ACGAG	0.9	0	0	28831	0
ACGAG	0.95	0	0	28831	0
ACGAG	0.99	0	0	28831	0
ACGAT	0.5	0	6	31060	0
ACGAT	0.6	0	6	31060	0
ACGAT	0.7	0	6	31060	0
ACGAT	0.8	0	0	31066	0
ACGAT	0.9	0	0	31066	0
ACGAT	0.95	0	0	31066	0
ACGAT	0.99	0	0	31066	0
ACGCA	0.5	7245	25	28131	2237
ACGCA	0.6	7169	14	28142	2313
ACGCA	0.7	7005	10	28146	2477
ACGCA	0.8	6957	10	28146	2525
ACGCA	0.9	6675	6	28150	2807
ACGCA	0.95	6453	6	28150	3029
ACGCA	0.99	5945	6	28150	3537
ACGCC	0.5	3514	3	44270	1609
ACGCC	0.6	3427	1	44272	1696
ACGCC	0.7	3164	1	44272	1959
ACGCC	0.8	3081	1	44272	2042
ACGCC	0.9	2893	0	44273	2230
ACGCC	0.95	2605	0	44273	2518
ACGCC	0.99	2302	0	44273	2821
ACGCG	0.5	0	0	4828	0
ACGCG	0.6	0	0	4828	0
ACGCG	0.7	0	0	4828	0
ACGCG	0.8	0	0	4828	0
ACGCG	0.9	0	0	4828	0
ACGCG	0.95	0	0	4828	0
ACGCG	0.99	0	0	4828	0
ACGCT	0.5	3253	194	26110	2380
ACGCT	0.6	2985	125	26179	2648
ACGCT	0.7	2882	77	26227	2751
ACGCT	0.8	2530	38	26266	3103
ACGCT	0.9	2222	2	26302	3411
ACGCT	0.95	1839	2	26302	3794
ACGCT	0.99	1257	0	26304	4376
ACGGA	0.5	1691	75	35033	1277
ACGGA	0.6	1522	24	35084	1446
ACGGA	0.7	1431	13	35095	1537
ACGGA	0.8	1404	0	35108	1564
ACGGA	0.9	1267	0	35108	1701
ACGGA	0.95	1143	0	35108	1825
ACGGA	0.99	983	0	35108	1985
ACGGC	0.5	1536	181	21109	1604
ACGGC	0.6	1378	128	21162	1762
ACGGC	0.7	1286	95	21195	1854
ACGGC	0.8	1146	59	21231	1994
ACGGC	0.9	1124	27	21263	2016
ACGGC	0.95	1066	21	21269	2074
ACGGC	0.99	933	0	21290	2207
ACGGG	0.5	8809	62	32011	2298
ACGGG	0.6	8040	5	32068	3067
ACGGG	0.7	7110	0	32073	3997
ACGGG	0.8	5383	0	32073	5724
ACGGG	0.9	4059	0	32073	7048
ACGGG	0.95	2696	0	32073	8411
ACGGG	0.99	1299	0	32073	9808
ACGGT	0.5	0	0	28942	0
ACGGT	0.6	0	0	28942	0
ACGGT	0.7	0	0	28942	0
ACGGT	0.8	0	0	28942	0
ACGGT	0.9	0	0	28942	0
ACGGT	0.95	0	0	28942	0
ACGGT	0.99	0	0	28942	0
ACGTA	0.5	0	0	34950	0
ACGTA	0.6	0	0	34950	0
ACGTA	0.7	0	0	34950	0
ACGTA	0.8	0	0	34950	0
ACGTA	0.9	0	0	34950	0
ACGTA	0.95	0	0	34950	0
ACGTA	0.99	0	0	34950	0
ACGTC	0.5	2104	0	27561	804
ACGTC	0.6	1986	0	27561	922
ACGTC	0.7	1849	0	27561	1059
ACGTC	0.8	1694	0	27561	1214
ACGTC	0.9	1650	0	27561	1258
ACGTC	0.95	1238	0	27561	1670
ACGTC	0.99	923	0	27561	1985
ACGTG	0.5	0	0	55777	0
ACGTG	0.6	0	0	55777	0
ACGTG	0.7	0	0	55777	0
ACGTG	0.8	0	0	55777	0
ACGTG	0.9	0	0	55777	0
ACGTG	0.95	0	0	55777	0
ACGTG	0.99	0	0	55777	0
ACGTT	0.5	3463	0	46377	1771
ACGTT	0.6	3295	0	46377	1939
ACGTT	0.7	3186	0	46377	2048
ACGTT	0.8	3091	0	46377	2143
ACGTT	0.9	2866	0	46377	2368
ACGTT	0.95	2767	0	46377	2467
ACGTT	0.99	2225	0	46377	3009
AGGAA	0.5	0	3	480190	0
AGGAA	0.6	0	3	480190	0
AGGAA	0.7	0	0	480193	0
AGGAA	0.8	0	0	480193	0
AGGAA	0.9	0	0	480193	0
AGGAA	0.95	0	0	480193	0
AGGAA	0.99	0	0	480193	0
AGGAC	0.5	0	0	180885	0
AGGAC	0.6	0	0	180885	0
AGGAC	0.7	0	0	180885	0
AGGAC	0.8	0	0	180885	0
AGGAC	0.9	0	0	180885	0
AGGAC	0.95	0	0	180885	0
AGGAC	0.99	0	0	180885	0
AGGAG	0.5	0	0	394163	25
AGGAG	0.6	0	0	394163	25
AGGAG	0.7	0	0	394163	25
AGGAG	0.8	0	0	394163	25
AGGAG	0.9	0	0	394163	25
AGGAG	0.95	0	0	394163	25
AGGAG	0.99	0	0	394163	25
AGGAT	0.5	0	0	265003	0
AGGAT	0.6	0	0	265003	0
AGGAT	0.7	0	0	265003	0
AGGAT	0.8	0	0	265003	0
AGGAT	0.9	0	0	265003	0
AGGAT	0.95	0	0	265003	0
AGGAT	0.99	0	0	265003	0
AGGCA	0.5	0	0	357191	0
AGGCA	0.6	0	0	357191	0
AGGCA	0.7	0	0	357191	0
AGGCA	0.8	0	0	357191	0
AGGCA	0.9	0	0	357191	0
AGGCA	0.95	0	0	357191	0
AGGCA	0.99	0	0	357191	0
AGGCC	0.5	0	0	216295	0
AGGCC	0.6	0	0	216295	0
AGGCC	0.7	0	0	216295	0
AGGCC	0.8	0	0	216295	0
AGGCC	0.9	0	0	216295	0
AGGCC	0.95	0	0	216295	0
AGGCC	0.99	0	0	216295	0
AGGCG	0.5	0	0	66482	0
AGGCG	0.6	0	0	66482	0
AGGCG	0.7	0	0	66482	0
AGGCG	0.8	0	0	66482	0
AGGCG	0.9	0	0	66482	0
AGGCG	0.95	0	0	66482	0
AGGCG	0.99	0	0	66482	0
AGGCT	0.5	1265	822	318912	1668
AGGCT	0.6	1234	488	319246	1699
AGGCT	0.7	1196	228	319506	1737
AGGCT	0.8	1133	125	319609	1800
AGGCT	0.9	771	49	319685	2162
AGGCT	0.95	639	12	319722	2294
AGGCT	0.99	479	1	319733	2454
AGGGA	0.5	0	0	278067	0
AGGGA	0.6	0	0	278067	0
AGGGA	0.7	0	0	278067	0
AGGGA	0.8	0	0	278067	0
AGGGA	0.9	0	0	278067	0
AGGGA	0.95	0	0	278067	0
AGGGA	0.99	0	0	278067	0
AGGGC	0.5	0	0	159907	0
AGGGC	0.6	0	0	159907	0
AGGGC	0.7	0	0	159907	0
AGGGC	0.8	0	0	159907	0
AGGGC	0.9	0	0	159907	0
AGGGC	0.95	0	0	159907	0
AGGGC	0.99	0	0	159907	0
AGGGG	0.5	0	0	162317	0
AGGGG	0.6	0	0	162317	0
AGGGG	0.7	0	0	162317	0
AGGGG	0.8	0	0	162317	0
AGGGG	0.9	0	0	162317	0
AGGGG	0.95	0	0	162317	0
AGGGG	0.99	0	0	162317	0
AGGGT	0.5	831	13	193745	3199
AGGGT	0.6	700	8	193750	3330
AGGGT	0.7	665	8	193750	3365
AGGGT	0.8	532	1	193757	3498
AGGGT	0.9	349	0	193758	3681
AGGGT	0.95	292	0	193758	3738
AGGGT	0.99	106	0	193758	3924
AGGTA	0.5	0	23	207915	0
AGGTA	0.6	0	23	207915	0
AGGTA	0.7	0	0	207938	0
AGGTA	0.8	0	0	207938	0
AGGTA	0.9	0	0	207938	0
AGGTA	0.95	0	0	207938	0
AGGTA	0.99	0	0	207938	0
AGGTC	0.5	0	0	177225	0
AGGTC	0.6	0	0	177225	0
AGGTC	0.7	0	0	177225	0
AGGTC	0.8	0	0	177225	0
AGGTC	0.9	0	0	177225	0
AGGTC	0.95	0	0	177225	0
AGGTC	0.99	0	0	177225	0
AGGTG	0.5	0	0	279731	0
AGGTG	0.6	0	0	279731	0
AGGTG	0.7	0	0	279731	0
AGGTG	0.8	0	0	279731	0
AGGTG	0.9	0	0	279731	0
AGGTG	0.95	0	0	279731	0
AGGTG	0.99	0	0	279731	0
AGGTT	0.5	0	2	257928	0
AGGTT	0.6	0	1	257929	0
AGGTT	0.7	0	0	257930	0
AGGTT	0.8	0	0	257930	0
AGGTT	0.9	0	0	257930	0
AGGTT	0.95	0	0	257930	0
AGGTT	0.99	0	0	257930	0
ATGAA	0.5	0	0	455561	0
ATGAA	0.6	0	0	455561	0
ATGAA	0.7	0	0	455561	0
ATGAA	0.8	0	0	455561	0
ATGAA	0.9	0	0	455561	0
ATGAA	0.95	0	0	455561	0
ATGAA	0.99	0	0	455561	0
ATGAC	0.5	0	0	206258	0
ATGAC	0.6	0	0	206258	0
ATGAC	0.7	0	0	206258	0
ATGAC	0.8	0	0	206258	0
ATGAC	0.9	0	0	206258	0
ATGAC	0.95	0	0	206258	0
ATGAC	0.99	0	0	206258	0
ATGAG	0.5	0	0	292087	0
ATGAG	0.6	0	0	292087	0
ATGAG	0.7	0	0	292087	0
ATGAG	0.8	0	0	292087	0
ATGAG	0.9	0	0	292087	0
ATGAG	0.95	0	0	292087	0
ATGAG	0.99	0	0	292087	0
ATGAT	0.5	0	0	338496	0
ATGAT	0.6	0	0	338496	0
ATGAT	0.7	0	0	338496	0
ATGAT	0.8	0	0	338496	0
ATGAT	0.9	0	0	338496	0
ATGAT	0.95	0	0	338496	0
ATGAT	0.99	0	0	338496	0
ATGCA	0.5	0	0	300853	0
ATGCA	0.6	0	0	300853	0
ATGCA	0.7	0	0	300853	0
ATGCA	0.8	0	0	300853	0
ATGCA	0.9	0	0	300853	0
ATGCA	0.95	0	0	300853	0
ATGCA	0.99	0	0	300853	0
ATGCC	0.5	0	0	216636	0
ATGCC	0.6	0	0	216636	0
ATGCC	0.7	0	0	216636	0
ATGCC	0.8	0	0	216636	0
ATGCC	0.9	0	0	216636	0
ATGCC	0.95	0	0	216636	0
ATGCC	0.99	0	0	216636	0
ATGCG	0.5	0	0	21704	0
ATGCG	0.6	0	0	21704	0
ATGCG	0.7	0	0	21704	0
ATGCG	0.8	0	0	21704	0
ATGCG	0.9	0	0	21704	0
ATGCG	0.95	0	0	21704	0
ATGCG	0.99	0	0	21704	0
ATGCT	0.5	0	0	272824	0
ATGCT	0.6	0	0	272824	0
ATGCT	0.7	0	0	272824	0
ATGCT	0.8	0	0	272824	0
ATGCT	0.9	0	0	272824	0
ATGCT	0.95	0	0	272824	0
ATGCT	0.99	0	0	272824	0
ATGGA	0.5	0	0	316059	1
ATGGA	0.6	0	0	316059	1
ATGGA	0.7	0	0	316059	1
ATGGA	0.8	0	0	316059	1
ATGGA	0.9	0	0	316059	1
ATGGA	0.95	0	0	316059	1
ATGGA	0.99	0	0	316059	1
ATGGC	0.5	0	0	203807	0
ATGGC	0.6	0	0	203807	0
ATGGC	0.7	0	0	203807	0
ATGGC	0.8	0	0	203807	0
ATGGC	0.9	0	0	203807	0
ATGGC	0.95	0	0	203807	0
ATGGC	0.99	0	0	203807	0
ATGGG	0.5	0	0	234846	0
ATGGG	0.6	0	0	234846	0
ATGGG	0.7	0	0	234846	0
ATGGG	0.8	0	0	234846	0
ATGGG	0.9	0	0	234846	0
ATGGG	0.95	0	0	234846	0
ATGGG	0.99	0	0	234846	0
ATGGT	0.5	0	0	266960	0
ATGGT	0.6	0	0	266960	0
ATGGT	0.7	0	0	266960	0
ATGGT	0.8	0	0	266960	0
ATGGT	0.9	0	0	266960	0
ATGGT	0.95	0	0	266960	0
ATGGT	0.99	0	0	266960	0
ATGTA	0.5	0	0	333427	0
ATGTA	0.6	0	0	333427	0
ATGTA	0.7	0	0	333427	0
ATGTA	0.8	0	0	333427	0
ATGTA	0.9	0	0	333427	0
ATGTA	0.95	0	0	333427	0
ATGTA	0.99	0	0	333427	0
ATGTC	0.5	0	0	222907	0
ATGTC	0.6	0	0	222907	0
ATGTC	0.7	0	0	222907	0
ATGTC	0.8	0	0	222907	0
ATGTC	0.9	0	0	222907	0
ATGTC	0.95	0	0	222907	0
ATGTC	0.99	0	0	222907	0
ATGTG	0.5	0	0	340040	0
ATGTG	0.6	0	0	340040	0
ATGTG	0.7	0	0	340040	0
ATGTG	0.8	0	0	340040	0
ATGTG	0.9	0	0	340040	0
ATGTG	0.95	0	0	340040	0
ATGTG	0.99	0	0	340040	0
ATGTT	0.5	0	0	397186	0
ATGTT	0.6	0	0	397186	0
ATGTT	0.7	0	0	397186	0
ATGTT	0.8	0	0	397186	0
ATGTT	0.9	0	0	397186	0
ATGTT	0.95	0	0	397186	0
ATGTT	0.99	0	0	397186	0
CAGAA	0.5	3496	38	457147	2298
CAGAA	0.6	3207	22	457163	2587
CAGAA	0.7	3016	20	457165	2778
CAGAA	0.8	2651	11	457174	3143
CAGAA	0.9	2300	3	457182	3494
CAGAA	0.95	1976	2	457183	3818
CAGAA	0.99	1325	0	457185	4469
CAGAC	0.5	2598	119	210799	2189
CAGAC	0.6	2402	102	210816	2385
CAGAC	0.7	2281	85	210833	2506
CAGAC	0.8	2235	80	210838	2552
CAGAC	0.9	2159	9	210909	2628
CAGAC	0.95	1938	2	210916	2849
CAGAC	0.99	1594	0	210918	3193
CAGAG	0.5	2202	44	378313	2712
CAGAG	0.6	2047	43	378314	2867
CAGAG	0.7	1894	16	378341	3020
CAGAG	0.8	1726	16	378341	3188
CAGAG	0.9	1197	2	378355	3717
CAGAG	0.95	915	0	378357	3999
CAGAG	0.99	627	0	378357	4287
CAGAT	0.5	0	0	287229	50
CAGAT	0.6	0	0	287229	50
CAGAT	0.7	0	0	287229	50
CAGAT	0.8	0	0	287229	50
CAGAT	0.9	0	0	287229	50
CAGAT	0.95	0	0	287229	50
CAGAT	0.99	0	0	287229	50
CAGCA	0.5	683	1	331791	1298
CAGCA	0.6	657	0	331792	1324
CAGCA	0.7	497	0	331792	1484
CAGCA	0.8	465	0	331792	1516
CAGCA	0.9	465	0	331792	1516
CAGCA	0.95	465	0	331792	1516
CAGCA	0.99	338	0	331792	1643
CAGCC	0.5	0	0	310118	0
CAGCC	0.6	0	0	310118	0
CAGCC	0.7	0	0	310118	0
CAGCC	0.8	0	0	310118	0
CAGCC	0.9	0	0	310118	0
CAGCC	0.95	0	0	310118	0
CAGCC	0.99	0	0	310118	0
CAGCG	0.5	0	2	36970	0
CAGCG	0.6	0	0	36972	0
CAGCG	0.7	0	0	36972	0
CAGCG	0.8	0	0	36972	0
CAGCG	0.9	0	0	36972	0
CAGCG	0.95	0	0	36972	0
CAGCG	0.99	0	0	36972	0
CAGCT	0.5	2548	42	309160	1438
CAGCT	0.6	2429	36	309166	1557
CAGCT	0.7	2304	33	309169	1682
CAGCT	0.8	2105	13	309189	1881
CAGCT	0.9	1812	8	309194	2174
CAGCT	0.95	1703	4	309198	2283
CAGCT	0.99	1412	0	309202	2574
CAGGA	0.5	3483	33	403842	2531
CAGGA	0.6	3210	31	403844	2804
CAGGA	0.7	2928	30	403845	3086
CAGGA	0.8	2441	28	403847	3573
CAGGA	0.9	1777	16	403859	4237
CAGGA	0.95	1443	5	403870	4571
CAGGA	0.99	969	0	403875	5045
CAGGC	0.5	0	0	327021	0
CAGGC	0.6	0	0	327021	0
CAGGC	0.7	0	0	327021	0
CAGGC	0.8	0	0	327021	0
CAGGC	0.9	0	0	327021	0
CAGGC	0.95	0	0	327021	0
CAGGC	0.99	0	0	327021	0
CAGGG	0.5	1252	3	258902	4487
CAGGG	0.6	1065	1	258904	4674
CAGGG	0.7	900	0	258905	4839
CAGGG	0.8	677	0	258905	5062
CAGGG	0.9	377	0	258905	5362
CAGGG	0.95	142	0	258905	5597
CAGGG	0.99	51	0	258905	5688
CAGGT	0.5	198	0	273620	1205
CAGGT	0.6	198	0	273620	1205
CAGGT	0.7	161	0	273620	1242
CAGGT	0.8	151	0	273620	1252
CAGGT	0.9	73	0	273620	1330
CAGGT	0.95	63	0	273620	1340
CAGGT	0.99	62	0	273620	1341
CAGTA	0.5	7019	25	220427	3874
CAGTA	0.6	6903	17	220435	3990
CAGTA	0.7	6632	14	220438	4261
CAGTA	0.8	6031	0	220452	4862
CAGTA	0.9	5281	0	220452	5612
CAGTA	0.95	4829	0	220452	6064
CAGTA	0.99	3168	0	220452	7725
CAGTC	0.5	0	0	184933	0
CAGTC	0.6	0	0	184933	0
CAGTC	0.7	0	0	184933	0
CAGTC	0.8	0	0	184933	0
CAGTC	0.9	0	0	184933	0
CAGTC	0.95	0	0	184933	0
CAGTC	0.99	0	0	184933	0
CAGTG	0.5	8119	61	356195	3661
CAGTG	0.6	7975	16	356240	3805
CAGTG	0.7	7673	9	356247	4107
CAGTG	0.8	7294	2	356254	4486
CAGTG	0.9	6264	0	356256	5516
CAGTG	0.95	5610	0	356256	6170
CAGTG	0.99	4128	0	356256	7652
CAGTT	0.5	4568	32	295959	1830
CAGTT	0.6	4469	32	295959	1929
CAGTT	0.7	4360	5	295986	2038
CAGTT	0.8	4077	5	295986	2321
CAGTT	0.9	3655	3	295988	2743
CAGTT	0.95	3221	3	295988	3177
CAGTT	0.99	2484	2	295989	3914
CCGAA	0.5	0	0	21274	0
CCGAA	0.6	0	0	21274	0
CCGAA	0.7	0	0	21274	0
CCGAA	0.8	0	0	21274	0
CCGAA	0.9	0	0	21274	0
CCGAA	0.95	0	0	21274	0
CCGAA	0.99	0	0	21274	0
CCGAC	0.5	0	0	17688	0
CCGAC	0.6	0	0	17688	0
CCGAC	0.7	0	0	17688	0
CCGAC	0.8	0	0	17688	0
CCGAC	0.9	0	0	17688	0
CCGAC	0.95	0	0	17688	0
CCGAC	0.99	0	0	17688	0
CCGAG	0.5	0	0	55807	0
CCGAG	0.6	0	0	55807	0
CCGAG	0.7	0	0	55807	0
CCGAG	0.8	0	0	55807	0
CCGAG	0.9	0	0	55807	0
CCGAG	0.95	0	0	55807	0
CCGAG	0.99	0	0	55807	0
CCGAT	0.5	0	0	18513	0
CCGAT	0.6	0	0	18513	0
CCGAT	0.7	0	0	18513	0
CCGAT	0.8	0	0	18513	0
CCGAT	0.9	0	0	18513	0
CCGAT	0.95	0	0	18513	0
CCGAT	0.99	0	0	18513	0
CCGCA	0.5	0	0	27090	0
CCGCA	0.6	0	0	27090	0
CCGCA	0.7	0	0	27090	0
CCGCA	0.8	0	0	27090	0
CCGCA	0.9	0	0	27090	0
CCGCA	0.95	0	0	27090	0
CCGCA	0.99	0	0	27090	0
CCGCC	0.5	519	79	59146	2820
CCGCC	0.6	415	44	59181	2924
CCGCC	0.7	294	19	59206	3045
CCGCC	0.8	204	4	59221	3135
CCGCC	0.9	141	0	59225	3198
CCGCC	0.95	73	0	59225	3266
CCGCC	0.99	51	0	59225	3288
CCGCG	0.5	1996	154	14036	2681
CCGCG	0.6	1682	81	14109	2995
CCGCG	0.7	1282	46	14144	3395
CCGCG	0.8	1139	14	14176	3538
CCGCG	0.9	768	0	14190	3909
CCGCG	0.95	720	0	14190	3957
CCGCG	0.99	510	0	14190	4167
CCGCT	0.5	0	0	25928	0
CCGCT	0.6	0	0	25928	0
CCGCT	0.7	0	0	25928	0
CCGCT	0.8	0	0	25928	0
CCGCT	0.9	0	0	25928	0
CCGCT	0.95	0	0	25928	0
CCGCT	0.99	0	0	25928	0
CCGGA	0.5	0	0	23186	0
CCGGA	0.6	0	0	23186	0
CCGGA	0.7	0	0	23186	0
CCGGA	0.8	0	0	23186	0
CCGGA	0.9	0	0	23186	0
CCGGA	0.95	0	0	23186	0
CCGGA	0.99	0	0	23186	0
CCGGC	0.5	0	0	41107	0
CCGGC	0.6	0	0	41107	0
CCGGC	0.7	0	0	41107	0
CCGGC	0.8	0	0	41107	0
CCGGC	0.9	0	0	41107	0
CCGGC	0.95	0	0	41107	0
CCGGC	0.99	0	0	41107	0
CCGGG	0.5	0	0	56196	0
CCGGG	0.6	0	0	56196	0
CCGGG	0.7	0	0	56196	0
CCGGG	0.8	0	0	56196	0
CCGGG	0.9	0	0	56196	0
CCGGG	0.95	0	0	56196	0
CCGGG	0.99	0	0	56196	0
CCGGT	0.5	0	0	19716	0
CCGGT	0.6	0	0	19716	0
CCGGT	0.7	0	0	19716	0
CCGGT	0.8	0	0	19716	0
CCGGT	0.9	0	0	19716	0
CCGGT	0.95	0	0	19716	0
CCGGT	0.99	0	0	19716	0
CCGTA	0.5	0	0	19031	0
CCGTA	0.6	0	0	19031	0
CCGTA	0.7	0	0	19031	0
CCGTA	0.8	0	0	19031	0
CCGTA	0.9	0	0	19031	0
CCGTA	0.95	0	0	19031	0
CCGTA	0.99	0	0	19031	0
CCGTC	0.5	0	0	36979	0
CCGTC	0.6	0	0	36979	0
CCGTC	0.7	0	0	36979	0
CCGTC	0.8	0	0	36979	0
CCGTC	0.9	0	0	36979	0
CCGTC	0.95	0	0	36979	0
CCGTC	0.99	0	0	36979	0
CCGTG	0.5	0	0	41262	0
CCGTG	0.6	0	0	41262	0
CCGTG	0.7	0	0	41262	0
CCGTG	0.8	0	0	41262	0
CCGTG	0.9	0	0	41262	0
CCGTG	0.95	0	0	41262	0
CCGTG	0.99	0	0	41262	0
CCGTT	0.5	0	0	33457	0
CCGTT	0.6	0	0	33457	0
CCGTT	0.7	0	0	33457	0
CCGTT	0.8	0	0	33457	0
CCGTT	0.9	0	0	33457	0
CCGTT	0.95	0	0	33457	0
CCGTT	0.99	0	0	33457	0
CGGAA	0.5	1335	1019	26063	2435
CGGAA	0.6	1120	692	26390	2650
CGGAA	0.7	895	365	26717	2875
CGGAA	0.8	673	179	26903	3097
CGGAA	0.9	308	111	26971	3462
CGGAA	0.95	116	56	27026	3654
CGGAA	0.99	14	0	27082	3756
CGGAC	0.5	5444	206	16107	2119
CGGAC	0.6	5256	112	16201	2307
CGGAC	0.7	5088	52	16261	2475
CGGAC	0.8	4868	19	16294	2695
CGGAC	0.9	4572	8	16305	2991
CGGAC	0.95	4170	5	16308	3393
CGGAC	0.99	3386	2	16311	4177
CGGAG	0.5	0	40	40736	0
CGGAG	0.6	0	34	40742	0
CGGAG	0.7	0	29	40747	0
CGGAG	0.8	0	12	40764	0
CGGAG	0.9	0	8	40768	0
CGGAG	0.95	0	2	40774	0
CGGAG	0.99	0	0	40776	0
CGGAT	0.5	2391	229	23438	9202
CGGAT	0.6	1706	119	23548	9887
CGGAT	0.7	1255	69	23598	10338
CGGAT	0.8	800	28	23639	10793
CGGAT	0.9	510	11	23656	11083
CGGAT	0.95	255	1	23666	11338
CGGAT	0.99	109	0	23667	11484
CGGCA	0.5	5813	1327	25893	3391
CGGCA	0.6	5561	970	26250	3643
CGGCA	0.7	5277	631	26589	3927
CGGCA	0.8	4916	401	26819	4288
CGGCA	0.9	4321	219	27001	4883
CGGCA	0.95	4053	119	27101	5151
CGGCA	0.99	3307	22	27198	5897
CGGCC	0.5	0	2	43270	0
CGGCC	0.6	0	0	43272	0
CGGCC	0.7	0	0	43272	0
CGGCC	0.8	0	0	43272	0
CGGCC	0.9	0	0	43272	0
CGGCC	0.95	0	0	43272	0
CGGCC	0.99	0	0	43272	0
CGGCG	0.5	0	0	12092	0
CGGCG	0.6	0	0	12092	0
CGGCG	0.7	0	0	12092	0
CGGCG	0.8	0	0	12092	0
CGGCG	0.9	0	0	12092	0
CGGCG	0.95	0	0	12092	0
CGGCG	0.99	0	0	12092	0
CGGCT	0.5	6609	99	42572	1159
CGGCT	0.6	6419	40	42631	1349
CGGCT	0.7	6307	23	42648	1461
CGGCT	0.8	6195	21	42650	1573
CGGCT	0.9	5917	16	42655	1851
CGGCT	0.95	5756	1	42670	2012
CGGCT	0.99	5125	0	42671	2643
CGGGA	0.5	4624	279	43106	1410
CGGGA	0.6	4460	180	43205	1574
CGGGA	0.7	4286	108	43277	1748
CGGGA	0.8	4129	57	43328	1905
CGGGA	0.9	3836	10	43375	2198
CGGGA	0.95	3516	5	43380	2518
CGGGA	0.99	2707	0	43385	3327
CGGGC	0.5	0	2	41831	0
CGGGC	0.6	0	0	41833	0
CGGGC	0.7	0	0	41833	0
CGGGC	0.8	0	0	41833	0
CGGGC	0.9	0	0	41833	0
CGGGC	0.95	0	0	41833	0
CGGGC	0.99	0	0	41833	0
CGGGG	0.5	0	3	39710	0
CGGGG	0.6	0	3	39710	0
CGGGG	0.7	0	0	39713	0
CGGGG	0.8	0	0	39713	0
CGGGG	0.9	0	0	39713	0
CGGGG	0.95	0	0	39713	0
CGGGG	0.99	0	0	39713	0
CGGGT	0.5	0	0	32688	0
CGGGT	0.6	0	0	32688	0
CGGGT	0.7	0	0	32688	0
CGGGT	0.8	0	0	32688	0
CGGGT	0.9	0	0	32688	0
CGGGT	0.95	0	0	32688	0
CGGGT	0.99	0	0	32688	0
CGGTA	0.5	16145	263	14732	1568
CGGTA	0.6	15731	116	14879	1982
CGGTA	0.7	15228	45	14950	2485
CGGTA	0.8	14827	20	14975	2886
CGGTA	0.9	14470	12	14983	3243
CGGTA	0.95	13977	5	14990	3736
CGGTA	0.99	13111	0	14995	4602
CGGTC	0.5	0	0	15845	0
CGGTC	0.6	0	0	15845	0
CGGTC	0.7	0	0	15845	0
CGGTC	0.8	0	0	15845	0
CGGTC	0.9	0	0	15845	0
CGGTC	0.95	0	0	15845	0
CGGTC	0.99	0	0	15845	0
CGGTG	0.5	0	0	41394	0
CGGTG	0.6	0	0	41394	0
CGGTG	0.7	0	0	41394	0
CGGTG	0.8	0	0	41394	0
CGGTG	0.9	0	0	41394	0
CGGTG	0.95	0	0	41394	0
CGGTG	0.99	0	0	41394	0
CGGTT	0.5	0	12	20453	0
CGGTT	0.6	0	12	20453	0
CGGTT	0.7	0	0	20465	0
CGGTT	0.8	0	0	20465	0
CGGTT	0.9	0	0	20465	0
CGGTT	0.95	0	0	20465	0
CGGTT	0.99	0	0	20465	0
CTGAA	0.5	3269	92	357030	5414
CTGAA	0.6	3042	47	357075	5641
CTGAA	0.7	2984	8	357114	5699
CTGAA	0.8	2926	0	357122	5757
CTGAA	0.9	2837	0	357122	5846
CTGAA	0.95	2593	0	357122	6090
CTGAA	0.99	2146	0	357122	6537
CTGAC	0.5	0	0	199687	43
CTGAC	0.6	0	0	199687	43
CTGAC	0.7	0	0	199687	43
CTGAC	0.8	0	0	199687	43
CTGAC	0.9	0	0	199687	43
CTGAC	0.95	0	0	199687	43
CTGAC	0.99	0	0	199687	43
CTGAG	0.5	0	0	367686	0
CTGAG	0.6	0	0	367686	0
CTGAG	0.7	0	0	367686	0
CTGAG	0.8	0	0	367686	0
CTGAG	0.9	0	0	367686	0
CTGAG	0.95	0	0	367686	0
CTGAG	0.99	0	0	367686	0
CTGAT	0.5	4833	0	246443	3335
CTGAT	0.6	4639	0	246443	3529
CTGAT	0.7	4468	0	246443	3700
CTGAT	0.8	4348	0	246443	3820
CTGAT	0.9	4040	0	246443	4128
CTGAT	0.95	3767	0	246443	4401
CTGAT	0.99	3075	0	246443	5093
CTGCA	0.5	10262	16	354795	4475
CTGCA	0.6	9990	7	354804	4747
CTGCA	0.7	9809	2	354809	4928
CTGCA	0.8	9498	2	354809	5239
CTGCA	0.9	8827	0	354811	5910
CTGCA	0.95	8229	0	354811	6508
CTGCA	0.99	7039	0	354811	7698
CTGCC	0.5	0	0	288791	0
CTGCC	0.6	0	0	288791	0
CTGCC	0.7	0	0	288791	0
CTGCC	0.8	0	0	288791	0
CTGCC	0.9	0	0	288791	0
CTGCC	0.95	0	0	288791	0
CTGCC	0.99	0	0	288791	0
CTGCG	0.5	0	0	32631	0
CTGCG	0.6	0	0	32631	0
CTGCG	0.7	0	0	32631	0
CTGCG	0.8	0	0	32631	0
CTGCG	0.9	0	0	32631	0
CTGCG	0.95	0	0	32631	0
CTGCG	0.99	0	0	32631	0
CTGCT	0.5	0	0	307451	0
CTGCT	0.6	0	0	307451	0
CTGCT	0.7	0	0	307451	0
CTGCT	0.8	0	0	307451	0
CTGCT	0.9	0	0	307451	0
CTGCT	0.95	0	0	307451	0
CTGCT	0.99	0	0	307451	0
CTGGA	0.5	740	117	326159	3599
CTGGA	0.6	717	48	326228	3622
CTGGA	0.7	639	13	326263	3700
CTGGA	0.8	602	1	326275	3737
CTGGA	0.9	519	1	326275	3820
CTGGA	0.95	431	1	326275	3908
CTGGA	0.99	294	0	326276	4045
CTGGC	0.5	8176	60	243440	2569
CTGGC	0.6	8132	41	243459	2613
CTGGC	0.7	8082	36	243464	2663
CTGGC	0.8	7833	22	243478	2912
CTGGC	0.9	7481	18	243482	3264
CTGGC	0.95	7282	18	243482	3463
CTGGC	0.99	6558	0	243500	4187
CTGGG	0.5	0	1	398741	0
CTGGG	0.6	0	1	398741	0
CTGGG	0.7	0	1	398741	0
CTGGG	0.8	0	0	398742	0
CTGGG	0.9	0	0	398742	0
CTGGG	0.95	0	0	398742	0
CTGGG	0.99	0	0	398742	0
CTGGT	0.5	0	0	226057	0
CTGGT	0.6	0	0	226057	0
CTGGT	0.7	0	0	226057	0
CTGGT	0.8	0	0	226057	0
CTGGT	0.9	0	0	226057	0
CTGGT	0.95	0	0	226057	0
CTGGT	0.99	0	0	226057	0
CTGTA	0.5	0	0	304101	0
CTGTA	0.6	0	0	304101	0
CTGTA	0.7	0	0	304101	0
CTGTA	0.8	0	0	304101	0
CTGTA	0.9	0	0	304101	0
CTGTA	0.95	0	0	304101	0
CTGTA	0.99	0	0	304101	0
CTGTC	0.5	0	0	265903	0
CTGTC	0.6	0	0	265903	0
CTGTC	0.7	0	0	265903	0
CTGTC	0.8	0	0	265903	0
CTGTC	0.9	0	0	265903	0
CTGTC	0.95	0	0	265903	0
CTGTC	0.99	0	0	265903	0
CTGTG	0.5	4738	47	349164	2570
CTGTG	0.6	4515	14	349197	2793
CTGTG	0.7	4310	11	349200	2998
CTGTG	0.8	3990	1	349210	3318
CTGTG	0.9	3531	1	349210	3777
CTGTG	0.95	2950	0	349211	4358
CTGTG	0.99	1992	0	349211	5316
CTGTT	0.5	2705	38	327606	3741
CTGTT	0.6	2608	6	327638	3838
CTGTT	0.7	2432	0	327644	4014
CTGTT	0.8	2281	0	327644	4165
CTGTT	0.9	2059	0	327644	4387
CTGTT	0.95	1742	0	327644	4704
CTGTT	0.99	1117	0	327644	5329
GAGAA	0.5	1315	104	405031	967
GAGAA	0.6	1129	61	405074	1153
GAGAA	0.7	1077	40	405095	1205
GAGAA	0.8	1028	12	405123	1254
GAGAA	0.9	829	4	405131	1453
GAGAA	0.95	730	0	405135	1552
GAGAA	0.99	528	0	405135	1754
GAGAC	0.5	0	0	249295	0
GAGAC	0.6	0	0	249295	0
GAGAC	0.7	0	0	249295	0
GAGAC	0.8	0	0	249295	0
GAGAC	0.9	0	0	249295	0
GAGAC	0.95	0	0	249295	0
GAGAC	0.99	0	0	249295	0
GAGAG	0.5	0	3	268582	0
GAGAG	0.6	0	0	268585	0
GAGAG	0.7	0	0	268585	0
GAGAG	0.8	0	0	268585	0
GAGAG	0.9	0	0	268585	0
GAGAG	0.95	0	0	268585	0
GAGAG	0.99	0	0	268585	0
GAGAT	0.5	5167	336	299451	5509
GAGAT	0.6	4950	222	299565	5726
GAGAT	0.7	4621	151	299636	6055
GAGAT	0.8	4318	80	299707	6358
GAGAT	0.9	3774	2	299785	6902
GAGAT	0.95	3263	0	299787	7413
GAGAT	0.99	2495	0	299787	8181
GAGCA	0.5	19	19	231932	811
GAGCA	0.6	19	2	231949	811
GAGCA	0.7	19	0	231951	811
GAGCA	0.8	0	0	231951	830
GAGCA	0.9	0	0	231951	830
GAGCA	0.95	0	0	231951	830
GAGCA	0.99	0	0	231951	830
GAGCC	0.5	0	0	202806	0
GAGCC	0.6	0	0	202806	0
GAGCC	0.7	0	0	202806	0
GAGCC	0.8	0	0	202806	0
GAGCC	0.9	0	0	202806	0
GAGCC	0.95	0	0	202806	0
GAGCC	0.99	0	0	202806	0
GAGCG	0.5	0	0	34484	0
GAGCG	0.6	0	0	34484	0
GAGCG	0.7	0	0	34484	0
GAGCG	0.8	0	0	34484	0
GAGCG	0.9	0	0	34484	0
GAGCG	0.95	0	0	34484	0
GAGCG	0.99	0	0	34484	0
GAGCT	0.5	0	0	213899	0
GAGCT	0.6	0	0	213899	0
GAGCT	0.7	0	0	213899	0
GAGCT	0.8	0	0	213899	0
GAGCT	0.9	0	0	213899	0
GAGCT	0.95	0	0	213899	0
GAGCT	0.99	0	0	213899	0
GAGGA	0.5	0	0	283804	0
GAGGA	0.6	0	0	283804	0
GAGGA	0.7	0	0	283804	0
GAGGA	0.8	0	0	283804	0
GAGGA	0.9	0	0	283804	0
GAGGA	0.95	0	0	283804	0
GAGGA	0.99	0	0	283804	0
GAGGC	0.5	2330	277	291318	2985
GAGGC	0.6	2237	192	291403	3078
GAGGC	0.7	2131	132	291463	3184
GAGGC	0.8	1883	80	291515	3432
GAGGC	0.9	1620	21	291574	3695
GAGGC	0.95	1077	9	291586	4238
GAGGC	0.99	673	0	291595	4642
GAGGG	0.5	0	0	183869	0
GAGGG	0.6	0	0	183869	0
GAGGG	0.7	0	0	183869	0
GAGGG	0.8	0	0	183869	0
GAGGG	0.9	0	0	183869	0
GAGGG	0.95	0	0	183869	0
GAGGG	0.99	0	0	183869	0
GAGGT	0.5	0	5	239453	0
GAGGT	0.6	0	5	239453	0
GAGGT	0.7	0	5	239453	0
GAGGT	0.8	0	5	239453	0
GAGGT	0.9	0	0	239458	0
GAGGT	0.95	0	0	239458	0
GAGGT	0.99	0	0	239458	0
GAGTA	0.5	2817	365	169368	4804
GAGTA	0.6	2442	244	169489	5179
GAGTA	0.7	2067	175	169558	5554
GAGTA	0.8	1722	112	169621	5899
GAGTA	0.9	1232	53	169680	6389
GAGTA	0.95	798	33	169700	6823
GAGTA	0.99	360	4	169729	7261
GAGTC	0.5	0	0	148583	0
GAGTC	0.6	0	0	148583	0
GAGTC	0.7	0	0	148583	0
GAGTC	0.8	0	0	148583	0
GAGTC	0.9	0	0	148583	0
GAGTC	0.95	0	0	148583	0
GAGTC	0.99	0	0	148583	0
GAGTG	0.5	0	1	214703	0
GAGTG	0.6	0	1	214703	0
GAGTG	0.7	0	1	214703	0
GAGTG	0.8	0	0	214704	0
GAGTG	0.9	0	0	214704	0
GAGTG	0.95	0	0	214704	0
GAGTG	0.99	0	0	214704	0
GAGTT	0.5	2667	156	251421	3474
GAGTT	0.6	2471	124	251453	3670
GAGTT	0.7	2290	97	251480	3851
GAGTT	0.8	1932	26	251551	4209
GAGTT	0.9	1589	5	251572	4552
GAGTT	0.95	1248	0	251577	4893
GAGTT	0.99	965	0	251577	5176
GCGAA	0.5	0	0	17565	0
GCGAA	0.6	0	0	17565	0
GCGAA	0.7	0	0	17565	0
GCGAA	0.8	0	0	17565	0
GCGAA	0.9	0	0	17565	0
GCGAA	0.95	0	0	17565	0
GCGAA	0.99	0	0	17565	0
GCGAC	0.5	4305	255	18184	3820
GCGAC	0.6	4060	153	18286	4065
GCGAC	0.7	3756	102	18337	4369
GCGAC	0.8	3408	49	18390	4717
GCGAC	0.9	3074	12	18427	5051
GCGAC	0.95	2823	10	18429	5302
GCGAC	0.99	2668	0	18439	5457
GCGAG	0.5	0	0	28392	0
GCGAG	0.6	0	0	28392	0
GCGAG	0.7	0	0	28392	0
GCGAG	0.8	0	0	28392	0
GCGAG	0.9	0	0	28392	0
GCGAG	0.95	0	0	28392	0
GCGAG	0.99	0	0	28392	0
GCGAT	0.5	259	62	33945	1159
GCGAT	0.6	138	10	33997	1280
GCGAT	0.7	98	5	34002	1320
GCGAT	0.8	51	5	34002	1367
GCGAT	0.9	40	0	34007	1378
GCGAT	0.95	40	0	34007	1378
GCGAT	0.99	40	0	34007	1378
GCGCA	0.5	4704	130	24886	3347
GCGCA	0.6	4400	97	24919	3651
GCGCA	0.7	4157	66	24950	3894
GCGCA	0.8	3869	32	24984	4182
GCGCA	0.9	3600	10	25006	4451
GCGCA	0.95	3425	3	25013	4626
GCGCA	0.99	3147	0	25016	4904
GCGCC	0.5	0	0	43084	0
GCGCC	0.6	0	0	43084	0
GCGCC	0.7	0	0	43084	0
GCGCC	0.8	0	0	43084	0
GCGCC	0.9	0	0	43084	0
GCGCC	0.95	0	0	43084	0
GCGCC	0.99	0	0	43084	0
GCGCG	0.5	0	0	16912	0
GCGCG	0.6	0	0	16912	0
GCGCG	0.7	0	0	16912	0
GCGCG	0.8	0	0	16912	0
GCGCG	0.9	0	0	16912	0
GCGCG	0.95	0	0	16912	0
GCGCG	0.99	0	0	16912	0
GCGCT	0.5	3878	21	28171	1242
GCGCT	0.6	3613	19	28173	1507
GCGCT	0.7	3525	13	28179	1595
GCGCT	0.8	3472	13	28179	1648
GCGCT	0.9	3377	5	28187	1743
GCGCT	0.95	3185	0	28192	1935
GCGCT	0.99	2535	0	28192	2585
GCGGA	0.5	13234	73	32440	3563
GCGGA	0.6	13070	28	32485	3727
GCGGA	0.7	12733	21	32492	4064
GCGGA	0.8	12455	0	32513	4342
GCGGA	0.9	12108	0	32513	4689
GCGGA	0.95	11611	0	32513	5186
GCGGA	0.99	10974	0	32513	5823
GCGGC	0.5	4449	928	27566	3383
GCGGC	0.6	4060	583	27911	3772
GCGGC	0.7	3504	396	28098	4328
GCGGC	0.8	2654	230	28264	5178
GCGGC	0.9	1945	112	28382	5887
GCGGC	0.95	1287	47	28447	6545
GCGGC	0.99	997	13	28481	6835
GCGGG	0.5	0	0	41637	0
GCGGG	0.6	0	0	41637	0
GCGGG	0.7	0	0	41637	0
GCGGG	0.8	0	0	41637	0
GCGGG	0.9	0	0	41637	0
GCGGG	0.95	0	0	41637	0
GCGGG	0.99	0	0	41637	0
GCGGT	0.5	2345	408	26266	2011
GCGGT	0.6	1809	217	26457	2547
GCGGT	0.7	1346	127	26547	3010
GCGGT	0.8	1009	58	26616	3347
GCGGT	0.9	576	22	26652	3780
GCGGT	0.95	391	7	26667	3965
GCGGT	0.99	253	0	26674	4103
GCGTA	0.5	0	0	15207	0
GCGTA	0.6	0	0	15207	0
GCGTA	0.7	0	0	15207	0
GCGTA	0.8	0	0	15207	0
GCGTA	0.9	0	0	15207	0
GCGTA	0.95	0	0	15207	0
GCGTA	0.99	0	0	15207	0
GCGTC	0.5	1028	0	19362	1283
GCGTC	0.6	828	0	19362	1483
GCGTC	0.7	744	0	19362	1567
GCGTC	0.8	694	0	19362	1617
GCGTC	0.9	583	0	19362	1728
GCGTC	0.95	516	0	19362	1795
GCGTC	0.99	496	0	19362	1815
GCGTG	0.5	0	0	54861	0
GCGTG	0.6	0	0	54861	0
GCGTG	0.7	0	0	54861	0
GCGTG	0.8	0	0	54861	0
GCGTG	0.9	0	0	54861	0
GCGTG	0.95	0	0	54861	0
GCGTG	0.99	0	0	54861	0
GCGTT	0.5	0	0	24003	0
GCGTT	0.6	0	0	24003	0
GCGTT	0.7	0	0	24003	0
GCGTT	0.8	0	0	24003	0
GCGTT	0.9	0	0	24003	0
GCGTT	0.95	0	0	24003	0
GCGTT	0.99	0	0	24003	0
GGGAA	0.5	436	64	263750	510
GGGAA	0.6	389	40	263774	557
GGGAA	0.7	279	37	263777	667
GGGAA	0.8	212	1	263813	734
GGGAA	0.9	191	1	263813	755
GGGAA	0.95	127	0	263814	819
GGGAA	0.99	125	0	263814	821
GGGAC	0.5	314	4	141648	392
GGGAC	0.6	282	1	141651	424
GGGAC	0.7	282	0	141652	424
GGGAC	0.8	206	0	141652	500
GGGAC	0.9	201	0	141652	505
GGGAC	0.95	201	0	141652	505
GGGAC	0.99	181	0	141652	525
GGGAG	0.5	442	396	280169	2250
GGGAG	0.6	341	192	280373	2351
GGGAG	0.7	140	65	280500	2552
GGGAG	0.8	68	17	280548	2624
GGGAG	0.9	10	5	280560	2682
GGGAG	0.95	10	1	280564	2682
GGGAG	0.99	0	0	280565	2692
GGGAT	0.5	0	0	216632	0
GGGAT	0.6	0	0	216632	0
GGGAT	0.7	0	0	216632	0
GGGAT	0.8	0	0	216632	0
GGGAT	0.9	0	0	216632	0
GGGAT	0.95	0	0	216632	0
GGGAT	0.99	0	0	216632	0
GGGCA	0.5	0	0	205319	0
GGGCA	0.6	0	0	205319	0
GGGCA	0.7	0	0	205319	0
GGGCA	0.8	0	0	205319	0
GGGCA	0.9	0	0	205319	0
GGGCA	0.95	0	0	205319	0
GGGCA	0.99	0	0	205319	0
GGGCC	0.5	2095	258	124437	4548
GGGCC	0.6	1730	170	124525	4913
GGGCC	0.7	1541	77	124618	5102
GGGCC	0.8	1263	48	124647	5380
GGGCC	0.9	1027	10	124685	5616
GGGCC	0.95	544	2	124693	6099
GGGCC	0.99	379	0	124695	6264
GGGCG	0.5	0	0	47920	0
GGGCG	0.6	0	0	47920	0
GGGCG	0.7	0	0	47920	0
GGGCG	0.8	0	0	47920	0
GGGCG	0.9	0	0	47920	0
GGGCG	0.95	0	0	47920	0
GGGCG	0.99	0	0	47920	0
GGGCT	0.5	0	7	179151	0
GGGCT	0.6	0	7	179151	0
GGGCT	0.7	0	0	179158	0
GGGCT	0.8	0	0	179158	0
GGGCT	0.9	0	0	179158	0
GGGCT	0.95	0	0	179158	0
GGGCT	0.99	0	0	179158	0
GGGGA	0.5	4665	959	184643	3390
GGGGA	0.6	4190	519	185083	3865
GGGGA	0.7	3813	259	185343	4242
GGGGA	0.8	3475	94	185508	4580
GGGGA	0.9	2730	27	185575	5325
GGGGA	0.95	2202	1	185601	5853
GGGGA	0.99	1224	1	185601	6831
GGGGC	0.5	0	0	127918	0
GGGGC	0.6	0	0	127918	0
GGGGC	0.7	0	0	127918	0
GGGGC	0.8	0	0	127918	0
GGGGC	0.9	0	0	127918	0
GGGGC	0.95	0	0	127918	0
GGGGC	0.99	0	0	127918	0
GGGGG	0.5	0	0	114037	373
GGGGG	0.6	0	0	114037	373
GGGGG	0.7	0	0	114037	373
GGGGG	0.8	0	0	114037	373
GGGGG	0.9	0	0	114037	373
GGGGG	0.95	0	0	114037	373
GGGGG	0.99	0	0	114037	373
GGGGT	0.5	0	2	147358	0
GGGGT	0.6	0	0	147360	0
GGGGT	0.7	0	0	147360	0
GGGGT	0.8	0	0	147360	0
GGGGT	0.9	0	0	147360	0
GGGGT	0.95	0	0	147360	0
GGGGT	0.99	0	0	147360	0
GGGTA	0.5	0	7	125309	0
GGGTA	0.6	0	0	125316	0
GGGTA	0.7	0	0	125316	0
GGGTA	0.8	0	0	125316	0
GGGTA	0.9	0	0	125316	0
GGGTA	0.95	0	0	125316	0
GGGTA	0.99	0	0	125316	0
GGGTC	0.5	0	0	114277	0
GGGTC	0.6	0	0	114277	0
GGGTC	0.7	0	0	114277	0
GGGTC	0.8	0	0	114277	0
GGGTC	0.9	0	0	114277	0
GGGTC	0.95	0	0	114277	0
GGGTC	0.99	0	0	114277	0
GGGTG	0.5	369	25	194968	2533
GGGTG	0.6	208	15	194978	2694
GGGTG	0.7	176	0	194993	2726
GGGTG	0.8	176	0	194993	2726
GGGTG	0.9	133	0	194993	2769
GGGTG	0.95	114	0	194993	2788
GGGTG	0.99	0	0	194993	2902
GGGTT	0.5	2380	39	194997	2437
GGGTT	0.6	2039	38	194998	2778
GGGTT	0.7	1702	7	195029	3115
GGGTT	0.8	1279	2	195034	3538
GGGTT	0.9	821	0	195036	3996
GGGTT	0.95	479	0	195036	4338
GGGTT	0.99	300	0	195036	4517
GTGAA	0.5	2301	1432	295720	9392
GTGAA	0.6	1927	726	296426	9766
GTGAA	0.7	1394	376	296776	10299
GTGAA	0.8	973	178	296974	10720
GTGAA	0.9	718	35	297117	10975
GTGAA	0.95	536	2	297150	11157
GTGAA	0.99	309	0	297152	11384
GTGAC	0.5	10216	137	159329	3772
GTGAC	0.6	10154	62	159404	3834
GTGAC	0.7	9835	27	159439	4153
GTGAC	0.8	9646	9	159457	4342
GTGAC	0.9	9302	9	159457	4686
GTGAC	0.95	8997	4	159462	4991
GTGAC	0.99	8175	2	159464	5813
GTGAG	0.5	0	0	284269	0
GTGAG	0.6	0	0	284269	0
GTGAG	0.7	0	0	284269	0
GTGAG	0.8	0	0	284269	0
GTGAG	0.9	0	0	284269	0
GTGAG	0.95	0	0	284269	0
GTGAG	0.99	0	0	284269	0
GTGAT	0.5	0	0	257101	0
GTGAT	0.6	0	0	257101	0
GTGAT	0.7	0	0	257101	0
GTGAT	0.8	0	0	257101	0
GTGAT	0.9	0	0	257101	0
GTGAT	0.95	0	0	257101	0
GTGAT	0.99	0	0	257101	0
GTGCA	0.5	1676	38	217191	1551
GTGCA	0.6	1562	31	217198	1665
GTGCA	0.7	1497	23	217206	1730
GTGCA	0.8	1379	21	217208	1848
GTGCA	0.9	1284	4	217225	1943
GTGCA	0.95	1151	0	217229	2076
GTGCA	0.99	992	0	217229	2235
GTGCC	0.5	4055	27	159280	3017
GTGCC	0.6	3885	17	159290	3187
GTGCC	0.7	3658	3	159304	3414
GTGCC	0.8	3303	2	159305	3769
GTGCC	0.9	3052	0	159307	4020
GTGCC	0.95	2824	0	159307	4248
GTGCC	0.99	2192	0	159307	4880
GTGCG	0.5	0	0	26336	0
GTGCG	0.6	0	0	26336	0
GTGCG	0.7	0	0	26336	0
GTGCG	0.8	0	0	26336	0
GTGCG	0.9	0	0	26336	0
GTGCG	0.95	0	0	26336	0
GTGCG	0.99	0	0	26336	0
GTGCT	0.5	0	0	212691	0
GTGCT	0.6	0	0	212691	0
GTGCT	0.7	0	0	212691	0
GTGCT	0.8	0	0	212691	0
GTGCT	0.9	0	0	212691	0
GTGCT	0.95	0	0	212691	0
GTGCT	0.99	0	0	212691	0
GTGGA	0.5	5316	2902	222819	8224
GTGGA	0.6	4374	1820	223901	9166
GTGGA	0.7	3495	1122	224599	10045
GTGGA	0.8	2497	612	225109	11043
GTGGA	0.9	1806	202	225519	11734
GTGGA	0.95	1290	79	225642	12250
GTGGA	0.99	391	8	225713	13149
GTGGC	0.5	0	0	213120	0
GTGGC	0.6	0	0	213120	0
GTGGC	0.7	0	0	213120	0
GTGGC	0.8	0	0	213120	0
GTGGC	0.9	0	0	213120	0
GTGGC	0.95	0	0	213120	0
GTGGC	0.99	0	0	213120	0
GTGGG	0.5	0	0	226746	0
GTGGG	0.6	0	0	226746	0
GTGGG	0.7	0	0	226746	0
GTGGG	0.8	0	0	226746	0
GTGGG	0.9	0	0	226746	0
GTGGG	0.95	0	0	226746	0
GTGGG	0.99	0	0	226746	0
GTGGT	0.5	0	0	225054	0
GTGGT	0.6	0	0	225054	0
GTGGT	0.7	0	0	225054	0
GTGGT	0.8	0	0	225054	0
GTGGT	0.9	0	0	225054	0
GTGGT	0.95	0	0	225054	0
GTGGT	0.99	0	0	225054	0
GTGTA	0.5	6192	157	176739	4044
GTGTA	0.6	5974	109	176787	4262
GTGTA	0.7	5699	46	176850	4537
GTGTA	0.8	5355	24	176872	4881
GTGTA	0.9	4601	15	176881	5635
GTGTA	0.95	4287	9	176887	5949
GTGTA	0.99	3184	2	176894	7052
GTGTC	0.5	1230	21	167708	2665
GTGTC	0.6	1147	13	167716	2748
GTGTC	0.7	949	10	167719	2946
GTGTC	0.8	703	1	167728	3192
GTGTC	0.9	491	1	167728	3404
GTGTC	0.95	380	1	167728	3515
GTGTC	0.99	281	0	167729	3614
GTGTG	0.5	0	0	304431	0
GTGTG	0.6	0	0	304431	0
GTGTG	0.7	0	0	304431	0
GTGTG	0.8	0	0	304431	0
GTGTG	0.9	0	0	304431	0
GTGTG	0.95	0	0	304431	0
GTGTG	0.99	0	0	304431	0
GTGTT	0.5	757	30	259942	3580
GTGTT	0.6	657	18	259954	3680
GTGTT	0.7	607	0	259972	3730
GTGTT	0.8	443	0	259972	3894
GTGTT	0.9	393	0	259972	3944
GTGTT	0.95	374	0	259972	3963
GTGTT	0.99	177	0	259972	4160
TAGAA	0.5	0	0	364518	0
TAGAA	0.6	0	0	364518	0
TAGAA	0.7	0	0	364518	0
TAGAA	0.8	0	0	364518	0
TAGAA	0.9	0	0	364518	0
TAGAA	0.95	0	0	364518	0
TAGAA	0.99	0	0	364518	0
TAGAC	0.5	5259	13	139747	2365
TAGAC	0.6	5120	13	139747	2504
TAGAC	0.7	4768	0	139760	2856
TAGAC	0.8	4583	0	139760	3041
TAGAC	0.9	3965	0	139760	3659
TAGAC	0.95	3597	0	139760	4027
TAGAC	0.99	2746	0	139760	4878
TAGAG	0.5	0	0	227422	0
TAGAG	0.6	0	0	227422	0
TAGAG	0.7	0	0	227422	0
TAGAG	0.8	0	0	227422	0
TAGAG	0.9	0	0	227422	0
TAGAG	0.95	0	0	227422	0
TAGAG	0.99	0	0	227422	0
TAGAT	0.5	0	0	245763	0
TAGAT	0.6	0	0	245763	0
TAGAT	0.7	0	0	245763	0
TAGAT	0.8	0	0	245763	0
TAGAT	0.9	0	0	245763	0
TAGAT	0.95	0	0	245763	0
TAGAT	0.99	0	0	245763	0
TAGCA	0.5	0	0	211760	0
TAGCA	0.6	0	0	211760	0
TAGCA	0.7	0	0	211760	0
TAGCA	0.8	0	0	211760	0
TAGCA	0.9	0	0	211760	0
TAGCA	0.95	0	0	211760	0
TAGCA	0.99	0	0	211760	0
TAGCC	0.5	2356	19	150531	764
TAGCC	0.6	2300	19	150531	820
TAGCC	0.7	2224	9	150541	896
TAGCC	0.8	2194	5	150545	926
TAGCC	0.9	2120	2	150548	1000
TAGCC	0.95	2090	2	150548	1030
TAGCC	0.99	1790	0	150550	1330
TAGCG	0.5	5424	20	17373	1201
TAGCG	0.6	5375	8	17385	1250
TAGCG	0.7	5273	2	17391	1352
TAGCG	0.8	5191	2	17391	1434
TAGCG	0.9	4987	2	17391	1638
TAGCG	0.95	4862	2	17391	1763
TAGCG	0.99	4134	0	17393	2491
TAGCT	0.5	1197	11	223664	3970
TAGCT	0.6	1177	8	223667	3990
TAGCT	0.7	1130	6	223669	4037
TAGCT	0.8	1081	4	223671	4086
TAGCT	0.9	1014	3	223672	4153
TAGCT	0.95	872	3	223672	4295
TAGCT	0.99	621	0	223675	4546
TAGGA	0.5	3491	57	221177	1199
TAGGA	0.6	3292	21	221213	1398
TAGGA	0.7	3167	8	221226	1523
TAGGA	0.8	2940	0	221234	1750
TAGGA	0.9	2541	0	221234	2149
TAGGA	0.95	2276	0	221234	2414
TAGGA	0.99	1693	0	221234	2997
TAGGC	0.5	0	0	127987	0
TAGGC	0.6	0	0	127987	0
TAGGC	0.7	0	0	127987	0
TAGGC	0.8	0	0	127987	0
TAGGC	0.9	0	0	127987	0
TAGGC	0.95	0	0	127987	0
TAGGC	0.99	0	0	127987	0
TAGGG	0.5	6320	39	132265	5257
TAGGG	0.6	5747	21	132283	5830
TAGGG	0.7	4840	8	132296	6737
TAGGG	0.8	3447	0	132304	8130
TAGGG	0.9	1972	0	132304	9605
TAGGG	0.95	1268	0	132304	10309
TAGGG	0.99	403	0	132304	11174
TAGGT	0.5	0	7	178718	0
TAGGT	0.6	0	0	178725	0
TAGGT	0.7	0	0	178725	0
TAGGT	0.8	0	0	178725	0
TAGGT	0.9	0	0	178725	0
TAGGT	0.95	0	0	178725	0
TAGGT	0.99	0	0	178725	0
TAGTA	0.5	0	0	204959	0
TAGTA	0.6	0	0	204959	0
TAGTA	0.7	0	0	204959	0
TAGTA	0.8	0	0	204959	0
TAGTA	0.9	0	0	204959	0
TAGTA	0.95	0	0	204959	0
TAGTA	0.99	0	0	204959	0
TAGTC	0.5	0	1	140159	0
TAGTC	0.6	0	0	140160	0
TAGTC	0.7	0	0	140160	0
TAGTC	0.8	0	0	140160	0
TAGTC	0.9	0	0	140160	0
TAGTC	0.95	0	0	140160	0
TAGTC	0.99	0	0	140160	0
TAGTG	0.5	1421	70	176289	4215
TAGTG	0.6	1304	36	176323	4332
TAGTG	0.7	1239	15	176344	4397
TAGTG	0.8	1042	9	176350	4594
TAGTG	0.9	885	9	176350	4751
TAGTG	0.95	853	9	176350	4783
TAGTG	0.99	496	0	176359	5140
TAGTT	0.5	19324	25	274562	6660
TAGTT	0.6	18520	16	274571	7464
TAGTT	0.7	18112	0	274587	7872
TAGTT	0.8	17129	0	274587	8855
TAGTT	0.9	15955	0	274587	10029
TAGTT	0.95	14958	0	274587	11026
TAGTT	0.99	12364	0	274587	13620
TCGAA	0.5	0	0	29803	0
TCGAA	0.6	0	0	29803	0
TCGAA	0.7	0	0	29803	0
TCGAA	0.8	0	0	29803	0
TCGAA	0.9	0	0	29803	0
TCGAA	0.95	0	0	29803	0
TCGAA	0.99	0	0	29803	0
TCGAC	0.5	745	30	14457	3612
TCGAC	0.6	555	17	14470	3802
TCGAC	0.7	404	6	14481	3953
TCGAC	0.8	226	2	14485	4131
TCGAC	0.9	151	0	14487	4206
TCGAC	0.95	138	0	14487	4219
TCGAC	0.99	102	0	14487	4255
TCGAG	0.5	2477	333	32458	4803
TCGAG	0.6	1986	114	32677	5294
TCGAG	0.7	1627	58	32733	5653
TCGAG	0.8	1059	28	32763	6221
TCGAG	0.9	514	9	32782	6766
TCGAG	0.95	279	4	32787	7001
TCGAG	0.99	0	0	32791	7280
TCGAT	0.5	3218	21	31502	2963
TCGAT	0.6	2983	16	31507	3198
TCGAT	0.7	2774	13	31510	3407
TCGAT	0.8	2478	0	31523	3703
TCGAT	0.9	1904	0	31523	4277
TCGAT	0.95	1614	0	31523	4567
TCGAT	0.99	1085	0	31523	5096
TCGCA	0.5	0	0	18918	0
TCGCA	0.6	0	0	18918	0
TCGCA	0.7	0	0	18918	0
TCGCA	0.8	0	0	18918	0
TCGCA	0.9	0	0	18918	0
TCGCA	0.95	0	0	18918	0
TCGCA	0.99	0	0	18918	0
TCGCC	0.5	2102	253	28828	4900
TCGCC	0.6	1643	177	28904	5359
TCGCC	0.7	1314	64	29017	5688
TCGCC	0.8	808	35	29046	6194
TCGCC	0.9	600	0	29081	6402
TCGCC	0.95	473	0	29081	6529
TCGCC	0.99	282	0	29081	6720
TCGCG	0.5	8402	10	6861	1727
TCGCG	0.6	8206	0	6871	1923
TCGCG	0.7	8017	0	6871	2112
TCGCG	0.8	7728	0	6871	2401
TCGCG	0.9	7296	0	6871	2833
TCGCG	0.95	7147	0	6871	2982
TCGCG	0.99	6540	0	6871	3589
TCGCT	0.5	0	0	33814	0
TCGCT	0.6	0	0	33814	0
TCGCT	0.7	0	0	33814	0
TCGCT	0.8	0	0	33814	0
TCGCT	0.9	0	0	33814	0
TCGCT	0.95	0	0	33814	0
TCGCT	0.99	0	0	33814	0
TCGGA	0.5	1760	150	17601	4962
TCGGA	0.6	1343	67	17684	5379
TCGGA	0.7	1110	41	17710	5612
TCGGA	0.8	770	11	17740	5952
TCGGA	0.9	424	5	17746	6298
TCGGA	0.95	265	4	17747	6457
TCGGA	0.99	90	0	17751	6632
TCGGC	0.5	0	0	37971	0
TCGGC	0.6	0	0	37971	0
TCGGC	0.7	0	0	37971	0
TCGGC	0.8	0	0	37971	0
TCGGC	0.9	0	0	37971	0
TCGGC	0.95	0	0	37971	0
TCGGC	0.99	0	0	37971	0
TCGGG	0.5	0	0	28109	0
TCGGG	0.6	0	0	28109	0
TCGGG	0.7	0	0	28109	0
TCGGG	0.8	0	0	28109	0
TCGGG	0.9	0	0	28109	0
TCGGG	0.95	0	0	28109	0
TCGGG	0.99	0	0	28109	0
TCGGT	0.5	2624	63	18557	2913
TCGGT	0.6	2456	45	18575	3081
TCGGT	0.7	2121	22	18598	3416
TCGGT	0.8	1912	11	18609	3625
TCGGT	0.9	1421	0	18620	4116
TCGGT	0.95	1211	0	18620	4326
TCGGT	0.99	924	0	18620	4613
TCGTA	0.5	0	0	17352	0
TCGTA	0.6	0	0	17352	0
TCGTA	0.7	0	0	17352	0
TCGTA	0.8	0	0	17352	0
TCGTA	0.9	0	0	17352	0
TCGTA	0.95	0	0	17352	0
TCGTA	0.99	0	0	17352	0
TCGTC	0.5	5500	10	21171	2840
TCGTC	0.6	5377	7	21174	2963
TCGTC	0.7	5138	7	21174	3202
TCGTC	0.8	5001	7	21174	3339
TCGTC	0.9	4525	0	21181	3815
TCGTC	0.95	4044	0	21181	4296
TCGTC	0.99	3134	0	21181	5206
TCGTG	0.5	13205	36	37524	3632
TCGTG	0.6	13072	26	37534	3765
TCGTG	0.7	12585	7	37553	4252
TCGTG	0.8	12151	7	37553	4686
TCGTG	0.9	11444	7	37553	5393
TCGTG	0.95	10863	0	37560	5974
TCGTG	0.99	9550	0	37560	7287
TCGTT	0.5	0	0	36081	0
TCGTT	0.6	0	0	36081	0
TCGTT	0.7	0	0	36081	0
TCGTT	0.8	0	0	36081	0
TCGTT	0.9	0	0	36081	0
TCGTT	0.95	0	0	36081	0
TCGTT	0.99	0	0	36081	0
TGGAA	0.5	3266	733	410104	2168
TGGAA	0.6	3065	502	410335	2369
TGGAA	0.7	2872	308	410529	2562
TGGAA	0.8	2670	231	410606	2764
TGGAA	0.9	2364	139	410698	3070
TGGAA	0.95	2074	125	410712	3360
TGGAA	0.99	1477	95	410742	3957
TGGAC	0.5	6427	360	156289	2465
TGGAC	0.6	6251	199	156450	2641
TGGAC	0.7	6029	136	156513	2863
TGGAC	0.8	5745	19	156630	3147
TGGAC	0.9	5398	9	156640	3494
TGGAC	0.95	5085	0	156649	3807
TGGAC	0.99	3946	0	156649	4946
TGGAG	0.5	4287	3856	333377	9270
TGGAG	0.6	3455	2257	334976	10102
TGGAG	0.7	2512	1223	336010	11045
TGGAG	0.8	1617	525	336708	11940
TGGAG	0.9	517	47	337186	13040
TGGAG	0.95	219	15	337218	13338
TGGAG	0.99	34	0	337233	13523
TGGAT	0.5	8741	1936	263862	3327
TGGAT	0.6	8178	998	264800	3890
TGGAT	0.7	7856	573	265225	4212
TGGAT	0.8	7285	257	265541	4783
TGGAT	0.9	6682	46	265752	5386
TGGAT	0.95	6103	11	265787	5965
TGGAT	0.99	4229	3	265795	7839
TGGCA	0.5	4748	339	270882	1986
TGGCA	0.6	4656	125	271096	2078
TGGCA	0.7	4591	51	271170	2143
TGGCA	0.8	4517	39	271182	2217
TGGCA	0.9	4311	7	271214	2423
TGGCA	0.95	4017	7	271214	2717
TGGCA	0.99	3678	4	271217	3056
TGGCC	0.5	2952	59	219088	731
TGGCC	0.6	2881	42	219105	802
TGGCC	0.7	2879	28	219119	804
TGGCC	0.8	2782	7	219140	901
TGGCC	0.9	2693	5	219142	990
TGGCC	0.95	2642	5	219142	1041
TGGCC	0.99	2486	5	219142	1197
TGGCG	0.5	2462	655	45404	3933
TGGCG	0.6	2098	387	45672	4297
TGGCG	0.7	1851	211	45848	4544
TGGCG	0.8	1489	116	45943	4906
TGGCG	0.9	1055	35	46024	5340
TGGCG	0.95	724	4	46055	5671
TGGCG	0.99	256	0	46059	6139
TGGCT	0.5	2599	79	320558	594
TGGCT	0.6	2544	47	320590	649
TGGCT	0.7	2462	32	320605	731
TGGCT	0.8	2343	16	320621	850
TGGCT	0.9	2037	2	320635	1156
TGGCT	0.95	1812	0	320637	1381
TGGCT	0.99	1392	0	320637	1801
TGGGA	0.5	0	22	385833	0
TGGGA	0.6	0	7	385848	0
TGGGA	0.7	0	6	385849	0
TGGGA	0.8	0	6	385849	0
TGGGA	0.9	0	2	385853	0
TGGGA	0.95	0	0	385855	0
TGGGA	0.99	0	0	385855	0
TGGGC	0.5	6871	144	226029	2002
TGGGC	0.6	6794	91	226082	2079
TGGGC	0.7	6630	50	226123	2243
TGGGC	0.8	6409	37	226136	2464
TGGGC	0.9	6008	24	226149	2865
TGGGC	0.95	5784	0	226173	3089
TGGGC	0.99	4671	0	226173	4202
TGGGG	0.5	2146	36	254882	1522
TGGGG	0.6	1586	29	254889	2082
TGGGG	0.7	1183	11	254907	2485
TGGGG	0.8	760	3	254915	2908
TGGGG	0.9	450	0	254918	3218
TGGGG	0.95	190	0	254918	3478
TGGGG	0.99	58	0	254918	3610
TGGGT	0.5	4592	50	261957	1926
TGGGT	0.6	4472	16	261991	2046
TGGGT	0.7	4152	7	262000	2366
TGGGT	0.8	3894	2	262005	2624
TGGGT	0.9	3516	2	262005	3002
TGGGT	0.95	3210	0	262007	3308
TGGGT	0.99	2407	0	262007	4111
TGGTA	0.5	1673	387	204524	4844
TGGTA	0.6	1380	174	204737	5137
TGGTA	0.7	1366	84	204827	5151
TGGTA	0.8	1242	27	204884	5275
TGGTA	0.9	1096	5	204906	5421
TGGTA	0.95	1050	0	204911	5467
TGGTA	0.99	674	0	204911	5843
TGGTC	0.5	2893	562	175307	820
TGGTC	0.6	2893	306	175563	820
TGGTC	0.7	2749	104	175765	964
TGGTC	0.8	2636	47	175822	1077
TGGTC	0.9	2567	27	175842	1146
TGGTC	0.95	2413	3	175866	1300
TGGTC	0.99	2047	0	175869	1666
TGGTG	0.5	3794	513	310731	2708
TGGTG	0.6	3696	275	310969	2806
TGGTG	0.7	3493	126	311118	3009
TGGTG	0.8	3247	45	311199	3255
TGGTG	0.9	2866	13	311231	3636
TGGTG	0.95	2563	3	311241	3939
TGGTG	0.99	1992	0	311244	4510
TGGTT	0.5	9509	155	272112	2785
TGGTT	0.6	9244	86	272181	3050
TGGTT	0.7	8880	48	272219	3414
TGGTT	0.8	8561	28	272239	3733
TGGTT	0.9	8000	9	272258	4294
TGGTT	0.95	7335	2	272265	4959
TGGTT	0.99	6233	0	272267	6061
TTGAA	0.5	0	0	465196	0
TTGAA	0.6	0	0	465196	0
TTGAA	0.7	0	0	465196	0
TTGAA	0.8	0	0	465196	0
TTGAA	0.9	0	0	465196	0
TTGAA	0.95	0	0	465196	0
TTGAA	0.99	0	0	465196	0
TTGAC	0.5	0	0	175861	0
TTGAC	0.6	0	0	175861	0
TTGAC	0.7	0	0	175861	0
TTGAC	0.8	0	0	175861	0
TTGAC	0.9	0	0	175861	0
TTGAC	0.95	0	0	175861	0
TTGAC	0.99	0	0	175861	0
TTGAG	0.5	2767	2	311371	1933
TTGAG	0.6	2669	2	311371	2031
TTGAG	0.7	2578	0	311373	2122
TTGAG	0.8	2402	0	311373	2298
TTGAG	0.9	2168	0	311373	2532
TTGAG	0.95	1904	0	311373	2796
TTGAG	0.99	1515	0	311373	3185
TTGAT	0.5	11119	11	316631	5348
TTGAT	0.6	10785	10	316632	5682
TTGAT	0.7	10225	10	316632	6242
TTGAT	0.8	9737	8	316634	6730
TTGAT	0.9	8767	8	316634	7700
TTGAT	0.95	8224	0	316642	8243
TTGAT	0.99	7003	0	316642	9464
TTGCA	0.5	0	0	314893	0
TTGCA	0.6	0	0	314893	0
TTGCA	0.7	0	0	314893	0
TTGCA	0.8	0	0	314893	0
TTGCA	0.9	0	0	314893	0
TTGCA	0.95	0	0	314893	0
TTGCA	0.99	0	0	314893	0
TTGCC	0.5	0	0	213546	0
TTGCC	0.6	0	0	213546	0
TTGCC	0.7	0	0	213546	0
TTGCC	0.8	0	0	213546	0
TTGCC	0.9	0	0	213546	0
TTGCC	0.95	0	0	213546	0
TTGCC	0.99	0	0	213546	0
TTGCG	0.5	11825	149	21356	2682
TTGCG	0.6	11564	102	21403	2943
TTGCG	0.7	11159	56	21449	3348
TTGCG	0.8	10763	26	21479	3744
TTGCG	0.9	10408	9	21496	4099
TTGCG	0.95	10113	7	21498	4394
TTGCG	0.99	9146	0	21505	5361
TTGCT	0.5	3503	8	327015	1283
TTGCT	0.6	3476	6	327017	1310
TTGCT	0.7	3332	0	327023	1454
TTGCT	0.8	3053	0	327023	1733
TTGCT	0.9	2773	0	327023	2013
TTGCT	0.95	2510	0	327023	2276
TTGCT	0.99	1870	0	327023	2916
TTGGA	0.5	723	1	298759	3266
TTGGA	0.6	670	0	298760	3319
TTGGA	0.7	650	0	298760	3339
TTGGA	0.8	564	0	298760	3425
TTGGA	0.9	508	0	298760	3481
TTGGA	0.95	418	0	298760	3571
TTGGA	0.99	352	0	298760	3637
TTGGC	0.5	1881	234	210657	4984
TTGGC	0.6	1607	95	210796	5258
TTGGC	0.7	1443	41	210850	5422
TTGGC	0.8	1321	22	210869	5544
TTGGC	0.9	1044	5	210886	5821
TTGGC	0.95	842	0	210891	6023
TTGGC	0.99	616	0	210891	6249
TTGGG	0.5	2669	56	260008	4230
TTGGG	0.6	2297	37	260027	4602
TTGGG	0.7	1843	23	260041	5056
TTGGG	0.8	1502	0	260064	5397
TTGGG	0.9	1100	0	260064	5799
TTGGG	0.95	760	0	260064	6139
TTGGG	0.99	395	0	260064	6504
TTGGT	0.5	0	7	245827	0
TTGGT	0.6	0	0	245834	0
TTGGT	0.7	0	0	245834	0
TTGGT	0.8	0	0	245834	0
TTGGT	0.9	0	0	245834	0
TTGGT	0.95	0	0	245834	0
TTGGT	0.99	0	0	245834	0
TTGTA	0.5	0	0	329295	0
TTGTA	0.6	0	0	329295	0
TTGTA	0.7	0	0	329295	0
TTGTA	0.8	0	0	329295	0
TTGTA	0.9	0	0	329295	0
TTGTA	0.95	0	0	329295	0
TTGTA	0.99	0	0	329295	0
TTGTC	0.5	1298	214	226705	8271
TTGTC	0.6	983	122	226797	8586
TTGTC	0.7	483	42	226877	9086
TTGTC	0.8	333	24	226895	9236
TTGTC	0.9	86	0	226919	9483
TTGTC	0.95	34	0	226919	9535
TTGTC	0.99	0	0	226919	9569
TTGTG	0.5	0	4	302894	0
TTGTG	0.6	0	0	302898	0
TTGTG	0.7	0	0	302898	0
TTGTG	0.8	0	0	302898	0
TTGTG	0.9	0	0	302898	0
TTGTG	0.95	0	0	302898	0
TTGTG	0.99	0	0	302898	0
TTGTT	0.5	3033	72	463773	9882
TTGTT	0.6	2634	62	463783	10281
TTGTT	0.7	2264	5	463840	10651
TTGTT	0.8	1896	2	463843	11019
TTGTT	0.9	1511	0	463845	11404
TTGTT	0.95	1200	0	463845	11715
TTGTT	0.99	890	0	463845	12025
